0 0.871875 0.21796875 0.253125 0.346875
0 0.1046875 0.16328125 0.1609375 0.16875
0 0.39375 0.43828125 0.109375 0.13125
0 0.290625 0.50703125 0.046875 0.05
0 0.58828125 0.49140625 0.0875 0.084375
0 0.678125 0.72109375 0.0984375 0.09375
0 0.93984375 0.70546875 0.103125 0.109375
0 0.76796875 0.85 0.1078125 0.075
0 0.5734375 0.88671875 0.121875 0.0625
0 0.20625 0.9234375 0.1 0.10625
0 0.1796875 0.78984375 0.0703125 0.084375
0 0.3171875 0.79609375 0.109375 0.103125
0 0.41875 0.81875 0.065625 0.0734375
0 0.4953125 0.5859375 0.05 0.0625
0 0.54296875 0.6921875 0.034375 0.046875
0 0.7359375 0.440625 0.084375 0.1