0 0.21796875 0.128125 0.346875 0.253125
0 0.16328125 0.8953125 0.16875 0.1609375
0 0.43828125 0.60625 0.13125 0.109375
0 0.50703125 0.709375 0.05 0.046875
0 0.49140625 0.41171875 0.084375 0.0875
0 0.72109375 0.321875 0.09375 0.0984375
0 0.70546875 0.06015625 0.109375 0.103125
0 0.85 0.23203125 0.075 0.1078125
0 0.88671875 0.4265625 0.0625 0.121875
0 0.9234375 0.79375 0.10625 0.1
0 0.78984375 0.8203125 0.084375 0.0703125
0 0.79609375 0.6828125 0.103125 0.109375
0 0.81875 0.58125 0.0734375 0.065625
0 0.5859375 0.5046875 0.0625 0.05
0 0.6921875 0.45703125 0.046875 0.034375
0 0.440625 0.2640625 0.1 0.084375