0 0.128125 0.21796875 0.25390625 0.34609375
0 0.8953125 0.16328125 0.1609375 0.16953125
0 0.60625 0.43828125 0.11015625 0.13046875
0 0.709375 0.50703125 0.04609375 0.04921875
0 0.41171875 0.49140625 0.08828125 0.084375
0 0.321875 0.72109375 0.0984375 0.09296875
0 0.06015625 0.70546875 0.10390625 0.11015625
0 0.23203125 0.85 0.1078125 0.07421875
0 0.4265625 0.88671875 0.121875 0.0625
0 0.79375 0.9234375 0.1 0.10546875
0 0.8203125 0.78984375 0.0703125 0.08359375
0 0.6828125 0.79609375 0.109375 0.10390625
0 0.58125 0.81875 0.06640625 0.0734375
0 0.5046875 0.5859375 0.05 0.06328125
0 0.45703125 0.6921875 0.03359375 0.04765625
0 0.2640625 0.440625 0.08359375 0.1