0 0.1546875 0.67578125 0.16875 0.1609375
0 0.1359375 0.29609375 0.2671875 0.365625
0 0.6703125 0.8828125 0.209375 0.13125
0 0.53125 0.86953125 0.1015625 0.1171875
0 0.81015625 0.8109375 0.15 0.178125
0 0.93671875 0.9640625 0.1265625 0.071875
0 0.88984375 0.61171875 0.2078125 0.209375
0 0.790625 0.4 0.209375 0.234375
0 0.9578125 0.40546875 0.084375 0.134375
0 0.39453125 0.6578125 0.25625 0.26875
0 0.48671875 0.11328125 0.1375 0.1390625
0 0.353125 0.12578125 0.103125 0.221875
0 0.68125 0.0390625 0.221875 0.078125
0 0.6546875 0.2015625 0.103125 0.1046875
0 0.76484375 0.21015625 0.0875 0.11875
0 0.9375 0.2015625 0.1203125 0.2296875
0 0.384375 0.42421875 0.209375 0.203125