0 0.32421875 0.1546875 0.16015625 0.16953125
0 0.70390625 0.1359375 0.36640625 0.2671875
0 0.1171875 0.6703125 0.13125 0.209375
0 0.13046875 0.53125 0.1171875 0.1015625
0 0.1890625 0.81015625 0.17734375 0.15078125
0 0.0359375 0.93671875 0.071875 0.1265625
0 0.38828125 0.88984375 0.20859375 0.2078125
0 0.6 0.790625 0.23359375 0.21015625
0 0.59453125 0.9578125 0.134375 0.084375
0 0.3421875 0.39453125 0.26796875 0.25703125
0 0.88671875 0.48671875 0.1390625 0.1375
0 0.87421875 0.353125 0.22109375 0.103125
0 0.9609375 0.68125 0.07734375 0.22265625
0 0.7984375 0.6546875 0.1046875 0.10390625
0 0.78984375 0.76484375 0.11875 0.0875
0 0.7984375 0.9375 0.2296875 0.1203125
0 0.57578125 0.384375 0.20234375 0.209375