0 0.340625 0.15078125 0.4015625 0.3015625
0 0.61796875 0.1890625 0.259375 0.1859375
0 0.646875 0.43984375 0.259375 0.228125
0 0.85859375 0.5484375 0.09375 0.090625
0 0.7609375 0.81328125 0.146875 0.1296875
0 0.9421875 0.940625 0.09375 0.11875
0 0.596875 0.88125 0.2 0.2078125
0 0.3890625 0.79609375 0.23125 0.203125
0 0.175 0.65390625 0.11875 0.109375
0 0.13828125 0.4609375 0.196875 0.190625
0 0.4203125 0.40234375 0.171875 0.184375
0 0.16484375 0.91875 0.19375 0.1625
0 0.39453125 0.95390625 0.1703125 0.0921875
0 0.04375 0.6734375 0.0875 0.190625
0 0.2234375 0.76484375 0.09375 0.090625