0 0.659375 0.15078125 0.4015625 0.3015625
0 0.38203125 0.1890625 0.259375 0.1859375
0 0.353125 0.43984375 0.259375 0.228125
0 0.14140625 0.5484375 0.09375 0.090625
0 0.2390625 0.81328125 0.146875 0.1296875
0 0.0578125 0.940625 0.09375 0.11875
0 0.403125 0.88125 0.2 0.2078125
0 0.6109375 0.79609375 0.23125 0.203125
0 0.825 0.65390625 0.11875 0.109375
0 0.86171875 0.4609375 0.196875 0.190625
0 0.5796875 0.40234375 0.171875 0.184375
0 0.83515625 0.91875 0.19375 0.1625
0 0.60546875 0.95390625 0.1703125 0.0921875
0 0.95625 0.6734375 0.0875 0.190625
0 0.7765625 0.76484375 0.09375 0.090625