0 0.84453125 0.2921875 0.203125 0.2203125
0 0.8625 0.68671875 0.275 0.403125
0 0.62734375 0.559375 0.20625 0.23125
0 0.609375 0.32421875 0.2953125 0.30625
0 0.3265625 0.146875 0.409375 0.240625
0 0.11953125 0.3703125 0.2375 0.1984375
0 0.21328125 0.5953125 0.21875 0.2484375
0 0.04453125 0.5828125 0.0890625 0.1859375
0 0.3609375 0.79609375 0.1109375 0.109375
0 0.24375 0.7875 0.1 0.09375
0 0.575 0.85703125 0.240625 0.196875
0 0.33046875 0.96015625 0.2125 0.0796875
0 0.07734375 0.82421875 0.146875 0.21875