0 0.2921875 0.15546875 0.2203125 0.20390625
0 0.68671875 0.1375 0.40390625 0.275
0 0.559375 0.37265625 0.23046875 0.20625
0 0.32421875 0.390625 0.30703125 0.2953125
0 0.146875 0.6734375 0.23984375 0.409375
0 0.3703125 0.88046875 0.1984375 0.23828125
0 0.5953125 0.78671875 0.2484375 0.21953125
0 0.5828125 0.95546875 0.18671875 0.0890625
0 0.79609375 0.6390625 0.109375 0.1109375
0 0.7875 0.75625 0.09453125 0.09921875
0 0.85703125 0.425 0.19765625 0.23984375
0 0.96015625 0.66953125 0.0796875 0.21328125
0 0.82421875 0.92265625 0.21796875 0.14765625