0 0.84453125 0.7078125 0.203125 0.2203125
0 0.8625 0.31328125 0.275 0.403125
0 0.62734375 0.440625 0.20625 0.23125
0 0.609375 0.67578125 0.2953125 0.30625
0 0.3265625 0.853125 0.409375 0.240625
0 0.11953125 0.6296875 0.2375 0.1984375
0 0.21328125 0.4046875 0.21875 0.2484375
0 0.04453125 0.4171875 0.0890625 0.1875
0 0.3609375 0.20390625 0.1109375 0.109375
0 0.24375 0.2125 0.1 0.09375
0 0.575 0.14296875 0.240625 0.196875
0 0.33046875 0.03984375 0.2125 0.0796875
0 0.07734375 0.17578125 0.146875 0.21875