0 0.29921875 0.6375 0.2578125 0.315625
0 0.93671875 0.81953125 0.1125 0.146875
0 0.7296875 0.18984375 0.2375 0.3796875
0 0.59296875 0.428125 0.325 0.25
0 0.175 0.13671875 0.221875 0.2140625
0 0.24921875 0.3421875 0.265625 0.16875
0 0.51640625 0.134375 0.25625 0.25
0 0.64296875 0.778125 0.121875 0.0796875
0 0.52890625 0.8390625 0.14375 0.121875
0 0.34765625 0.8390625 0.1734375 0.1125
0 0.684375 0.61328125 0.0921875 0.075
0 0.96328125 0.42109375 0.0734375 0.1046875
0 0.7734375 0.68984375 0.0828125 0.0625
0 0.94296875 0.140625 0.1140625 0.28125
0 0.96953125 0.621875 0.0609375 0.0703125
0 0.81875 0.5875 0.1125 0.103125