0 0.6375 0.70078125 0.315625 0.2578125
0 0.81953125 0.06328125 0.146875 0.1125
0 0.18984375 0.2703125 0.3796875 0.2375
0 0.428125 0.40703125 0.25 0.325
0 0.13671875 0.825 0.2140625 0.221875
0 0.3421875 0.75078125 0.16875 0.265625
0 0.134375 0.48359375 0.25 0.25625
0 0.778125 0.35703125 0.078125 0.121875
0 0.8390625 0.47109375 0.121875 0.14375
0 0.8390625 0.65234375 0.1125 0.1734375
0 0.61328125 0.315625 0.075 0.0921875
0 0.42109375 0.03671875 0.1046875 0.0734375
0 0.68984375 0.2265625 0.0625 0.0828125
0 0.140625 0.05703125 0.28125 0.1140625
0 0.621875 0.03046875 0.06875 0.0609375
0 0.5875 0.18125 0.103125 0.1125