4 0.732812 0.062500 0.209375 0.031250
4 0.739062 0.116406 0.400000 0.029687
4 0.734375 0.172656 0.340625 0.057813
4 0.277344 0.076563 0.429688 0.065625
4 0.271875 0.178125 0.450000 0.090625
4 0.735156 0.247656 0.329688 0.051562
4 0.275000 0.287500 0.443750 0.096875
4 0.743750 0.331250 0.325000 0.046875
4 0.726562 0.409375 0.443750 0.078125
4 0.250781 0.386719 0.370312 0.064062
4 0.194531 0.475781 0.251563 0.048438
4 0.744531 0.488281 0.392188 0.064062
4 0.749219 0.559375 0.389062 0.043750
4 0.746094 0.625781 0.392188 0.054688
4 0.739844 0.690625 0.320312 0.043750
4 0.737500 0.749219 0.331250 0.051562
4 0.735938 0.807031 0.303125 0.054688
4 0.736719 0.868750 0.307812 0.046875
4 0.742188 0.929688 0.293750 0.056250
4 0.249219 0.929688 0.264062 0.053125
4 0.262500 0.839063 0.340625 0.075000
4 0.267188 0.752344 0.400000 0.073438
4 0.260156 0.663281 0.385937 0.070312
4 0.436719 0.587500 0.151562 0.025000
4 0.433594 0.502344 0.139063 0.026562
4 0.201563 0.546875 0.246875 0.040625
