4 0.377344 0.255469 0.039062 0.385937
4 0.308594 0.257031 0.029687 0.332813
4 0.253906 0.259375 0.042188 0.334375
4 0.189062 0.263281 0.040625 0.307812
4 0.131250 0.264844 0.037500 0.320312
4 0.073438 0.259375 0.043750 0.293750
4 0.442188 0.259375 0.034375 0.381250
4 0.508594 0.253125 0.057813 0.390625
4 0.587500 0.270313 0.053125 0.453125
4 0.675000 0.254688 0.053125 0.331250
4 0.747656 0.256250 0.060937 0.328125
4 0.824219 0.263281 0.048438 0.335938
4 0.884375 0.247656 0.034375 0.404687
4 0.936719 0.268750 0.039062 0.225000
4 0.921094 0.718750 0.064062 0.421875
4 0.823438 0.731250 0.071875 0.446875
4 0.715625 0.730469 0.100000 0.435937
4 0.608594 0.746094 0.067187 0.354687
4 0.492969 0.561719 0.029687 0.154688
4 0.531250 0.803125 0.043750 0.250000
4 0.455469 0.803906 0.039062 0.245312
4 0.412500 0.564844 0.028125 0.157812
4 0.333594 0.736719 0.067187 0.395313
4 0.246875 0.727344 0.065625 0.414062
4 0.159375 0.729688 0.068750 0.362500
4 0.070312 0.745313 0.062500 0.281250
