4 0.069531 0.273438 0.060937 0.421875
4 0.180469 0.268750 0.085938 0.443750
4 0.278125 0.265625 0.078125 0.440625
4 0.388281 0.250000 0.051562 0.368750
4 0.469531 0.200000 0.045312 0.246875
4 0.506250 0.435937 0.025000 0.150000
4 0.585156 0.428125 0.020313 0.159375
4 0.546875 0.192188 0.037500 0.250000
4 0.663281 0.262500 0.054688 0.396875
4 0.746875 0.260156 0.065625 0.420312
4 0.836719 0.260156 0.064062 0.364063
4 0.928906 0.251563 0.054688 0.284375
4 0.931250 0.737500 0.040625 0.306250
4 0.869531 0.725781 0.045312 0.320312
4 0.811719 0.735156 0.051562 0.329688
4 0.749219 0.736719 0.048438 0.339062
4 0.685937 0.735938 0.046875 0.328125
4 0.623437 0.742969 0.040625 0.395313
4 0.563281 0.746094 0.042188 0.379688
4 0.414844 0.725781 0.064062 0.442188
4 0.492188 0.742969 0.059375 0.398438
4 0.325781 0.740625 0.051562 0.325000
4 0.252344 0.742969 0.051562 0.320312
4 0.175000 0.733594 0.043750 0.323437
4 0.115625 0.724219 0.028125 0.342187
4 0.062500 0.732031 0.028125 0.214062
