0 0.60078125 0.175 0.09921875 0.20234375
0 0.5 0.56015625 0.9734375 0.61484375
0 0.77109375 0.29296875 0.05 0.103125
0 0.84140625 0.384375 0.04765625 0.10625
0 0.92890625 0.3015625 0.07578125 0.04921875
0 0.603125 0.4328125 0.05703125 0.0796875
0 0.48828125 0.3359375 0.03359375 0.03203125
0 0.23125 0.56953125 0.1890625 0.2671875
0 0.4234375 0.746875 0.20859375 0.24765625
0 0.67734375 0.63359375 0.03828125 0.1140625
0 0.80234375 0.6140625 0.034375 0.103125
0 0.1734375 0.796875 0.14453125 0.115625