0 0.646875 0.475 0.06328125 0.16328125
0 0.7875 0.5109375 0.1375 0.09609375
0 0.790625 0.4609375 0.05 0.08515625
0 0.64296875 0.790625 0.09765625 0.1390625
0 0.6625 0.69765625 0.1046875 0.12578125
0 0.646875 0.6203125 0.11484375 0.05234375
0 0.6953125 0.5953125 0.03046875 0.10546875
0 0.35859375 0.85 0.07890625 0.1234375
0 0.45 0.8015625 0.065625 0.12890625
0 0.534375 0.79921875 0.08828125 0.115625
0 0.78671875 0.6921875 0.05703125 0.15078125
0 0.2546875 0.91171875 0.103125 0.1125
0 0.88359375 0.29453125 0.08828125 0.096875
0 0.89765625 0.20546875 0.053125 0.1421875
0 0.7953125 0.375 0.115625 0.096875
0 0.8046875 0.08828125 0.1 0.06875
0 0.66875 0.16953125 0.090625 0.0390625