0 0.525 0.646875 0.1625 0.0625
0 0.4890625 0.7875 0.096875 0.1375
0 0.5390625 0.790625 0.084375 0.05
0 0.209375 0.64296875 0.1390625 0.096875
0 0.30234375 0.6625 0.125 0.1046875
0 0.3796875 0.646875 0.053125 0.115625
0 0.4046875 0.6953125 0.10625 0.03125
0 0.15 0.35859375 0.1234375 0.078125
0 0.1984375 0.45 0.128125 0.065625
0 0.20078125 0.534375 0.115625 0.0875
0 0.3078125 0.78671875 0.15 0.05625
0 0.08828125 0.2546875 0.1125 0.103125
0 0.70546875 0.88359375 0.096875 0.0890625
0 0.79453125 0.89765625 0.1421875 0.053125
0 0.625 0.7953125 0.096875 0.115625
0 0.91171875 0.8046875 0.06875 0.1
0 0.83046875 0.66875 0.0390625 0.090625