0 0.525 0.353125 0.1625 0.0625
0 0.4890625 0.2125 0.096875 0.1375
0 0.5390625 0.209375 0.084375 0.05
0 0.209375 0.35703125 0.1390625 0.096875
0 0.30234375 0.3375 0.125 0.1046875
0 0.3796875 0.353125 0.053125 0.115625
0 0.4046875 0.3046875 0.10625 0.03125
0 0.15 0.64140625 0.1234375 0.0796875
0 0.1984375 0.55 0.128125 0.065625
0 0.20078125 0.465625 0.115625 0.0875
0 0.3078125 0.21328125 0.15 0.05625
0 0.08828125 0.7453125 0.1125 0.103125
0 0.70546875 0.11640625 0.096875 0.0875
0 0.79453125 0.10234375 0.1421875 0.053125
0 0.625 0.2046875 0.096875 0.115625
0 0.91171875 0.1953125 0.06875 0.1
0 0.83046875 0.33125 0.0390625 0.090625