0 0.18046875 0.28203125 0.2125 0.171875
0 0.31328125 0.61015625 0.0765625 0.0625
0 0.1703125 0.4890625 0.090625 0.05
0 0.290625 0.44140625 0.1125 0.109375
0 0.24921875 0.10078125 0.265625 0.146875
0 0.1109375 0.121875 0.08125 0.034375
0 0.46875 0.14609375 0.146875 0.075
0 0.64296875 0.175 0.15625 0.1015625
0 0.79296875 0.290625 0.1421875 0.10625
0 0.51640625 0.75546875 0.175 0.215625
0 0.50390625 0.734375 0.075 0.059375
0 0.35859375 0.690625 0.059375 0.075
0 0.5046875 0.6015625 0.09375 0.078125
0 0.09140625 0.8765625 0.159375 0.0796875
0 0.1015625 0.68515625 0.08125 0.0859375
0 0.49375 0.34375 0.1296875 0.053125
0 0.6390625 0.290625 0.14375 0.146875
0 0.609375 0.071875 0.16875 0.08125
0 0.82734375 0.0859375 0.165625 0.059375
0 0.9453125 0.31328125 0.109375 0.090625
0 0.9453125 0.65546875 0.059375 0.05625
0 0.90703125 0.75 0.075 0.09375
0 0.4203125 0.82109375 0.0484375 0.065625
0 0.68984375 0.85546875 0.140625 0.2453125
0 0.8734375 0.890625 0.134375 0.21875
0 0.41015625 0.33359375 0.1046875 0.25625