0 0.18046875 0.71796875 0.2125 0.1734375
0 0.31328125 0.38984375 0.0765625 0.0625
0 0.1703125 0.5109375 0.090625 0.05
0 0.290625 0.55859375 0.1125 0.109375
0 0.24921875 0.89921875 0.265625 0.146875
0 0.1109375 0.878125 0.08125 0.034375
0 0.46875 0.85390625 0.146875 0.075
0 0.64296875 0.825 0.15625 0.1015625
0 0.79296875 0.709375 0.1421875 0.1078125
0 0.51640625 0.24453125 0.175 0.215625
0 0.50390625 0.265625 0.075 0.059375
0 0.35859375 0.309375 0.059375 0.075
0 0.5046875 0.3984375 0.09375 0.078125
0 0.09140625 0.1234375 0.159375 0.078125
0 0.1015625 0.31484375 0.08125 0.0859375
0 0.49375 0.65625 0.1296875 0.053125
0 0.6390625 0.709375 0.14375 0.146875
0 0.609375 0.928125 0.16875 0.08125
0 0.82734375 0.9140625 0.165625 0.059375
0 0.9453125 0.68671875 0.109375 0.090625
0 0.9453125 0.34453125 0.059375 0.05625
0 0.90703125 0.25 0.075 0.09375
0 0.4203125 0.17890625 0.0484375 0.065625
0 0.68984375 0.14453125 0.140625 0.2453125
0 0.8734375 0.109375 0.134375 0.21875
0 0.41015625 0.66640625 0.1046875 0.25625