0 0.28203125 0.18046875 0.17265625 0.21328125
0 0.61015625 0.31328125 0.06171875 0.0765625
0 0.4890625 0.1703125 0.05 0.090625
0 0.44140625 0.290625 0.109375 0.11171875
0 0.10078125 0.24921875 0.146875 0.265625
0 0.121875 0.1109375 0.034375 0.08203125
0 0.14609375 0.46875 0.075 0.146875
0 0.175 0.64296875 0.1015625 0.15625
0 0.290625 0.79296875 0.10703125 0.1421875
0 0.75546875 0.51640625 0.215625 0.17421875
0 0.734375 0.50390625 0.059375 0.07421875
0 0.690625 0.35859375 0.075 0.06015625
0 0.6015625 0.5046875 0.07890625 0.09375
0 0.8765625 0.09140625 0.07890625 0.159375
0 0.68515625 0.1015625 0.0859375 0.08203125
0 0.34375 0.49375 0.05390625 0.1296875
0 0.290625 0.6390625 0.146875 0.14296875
0 0.071875 0.609375 0.08046875 0.16953125
0 0.0859375 0.82734375 0.059375 0.16640625
0 0.31328125 0.9453125 0.08984375 0.10859375
0 0.65546875 0.9453125 0.05546875 0.059375
0 0.75 0.90703125 0.09453125 0.075
0 0.82109375 0.4203125 0.06484375 0.0484375
0 0.85546875 0.68984375 0.2453125 0.14140625
0 0.890625 0.8734375 0.21796875 0.134375
0 0.33359375 0.41015625 0.25625 0.1046875