0 0.66328125 0.49609375 0.084375 0.075
0 0.159375 0.1703125 0.171875 0.334375
0 0.5140625 0.30546875 0.0375 0.065625
0 0.4109375 0.29921875 0.046875 0.05625
0 0.5953125 0.11640625 0.065625 0.046875
0 0.79453125 0.20703125 0.0796875 0.08125
0 0.934375 0.66171875 0.05 0.053125
0 0.9703125 0.1203125 0.04375 0.096875
0 0.959375 0.31484375 0.059375 0.090625
0 0.7765625 0.4609375 0.0390625 0.0515625
0 0.75546875 0.59296875 0.0390625 0.065625
0 0.9203125 0.528125 0.053125 0.059375
0 0.971875 0.6578125 0.028125 0.0796875
0 0.78515625 0.853125 0.040625 0.04375
0 0.65390625 0.81015625 0.05625 0.084375
0 0.25390625 0.9296875 0.1 0.075