0 0.09765625 0.4796875 0.1 0.25390625
0 0.234375 0.6359375 0.0546875 0.1015625
0 0.134375 0.89765625 0.06640625 0.12109375
0 0.29609375 0.91328125 0.11796875 0.165625
0 0.359375 0.31953125 0.08125 0.10703125
0 0.54375 0.16015625 0.1 0.15
0 0.5625 0.309375 0.19375 0.1765625
0 0.9546875 0.1296875 0.05625 0.1015625
0 0.859375 0.35625 0.06953125 0.1265625
0 0.6609375 0.5546875 0.12578125 0.09453125
0 0.675 0.4546875 0.0796875 0.06875
0 0.5 0.6046875 0.084375 0.1546875
0 0.50546875 0.7578125 0.10859375 0.090625
0 0.52890625 0.90625 0.16640625 0.15078125
0 0.375 0.80703125 0.0765625 0.06484375
0 0.73828125 0.9328125 0.06015625 0.06875
0 0.8 0.61953125 0.09765625 0.11484375
0 0.71171875 0.32109375 0.06015625 0.0640625
0 0.9828125 0.31171875 0.034375 0.0421875