0 0.4796875 0.09765625 0.253125 0.1
0 0.6359375 0.234375 0.1015625 0.0546875
0 0.89765625 0.134375 0.121875 0.065625
0 0.91328125 0.29609375 0.165625 0.11875
0 0.31953125 0.359375 0.10625 0.08125
0 0.16015625 0.54375 0.15 0.1
0 0.309375 0.5625 0.1765625 0.19375
0 0.1296875 0.9546875 0.1015625 0.05625
0 0.35625 0.859375 0.1265625 0.0703125
0 0.5546875 0.6609375 0.09375 0.125
0 0.4546875 0.675 0.06875 0.0796875
0 0.6046875 0.5 0.1546875 0.084375
0 0.7578125 0.50546875 0.090625 0.109375
0 0.90625 0.52890625 0.15 0.165625
0 0.80703125 0.375 0.065625 0.0765625
0 0.9328125 0.73828125 0.06875 0.059375
0 0.61953125 0.8 0.115625 0.096875
0 0.32109375 0.71171875 0.0640625 0.059375
0 0.31171875 0.9828125 0.0421875 0.034375