0 0.20703125 0.2703125 0.046875 0.084375
0 0.12109375 0.1078125 0.075 0.0875
0 0.1265625 0.453125 0.06875 0.09375
0 0.38203125 0.484375 0.10625 0.071875
0 0.43203125 0.30703125 0.20625 0.078125
0 0.4046875 0.7359375 0.115625 0.1546875
0 0.2546875 0.934375 0.1375 0.078125
0 0.4796875 0.85546875 0.11875 0.059375
0 0.696875 0.73515625 0.103125 0.1109375
0 0.8875 0.60859375 0.1453125 0.1
0 0.81328125 0.3828125 0.0765625 0.065625
0 0.653125 0.10390625 0.13125 0.109375
0 0.28671875 0.115625 0.14375 0.1140625
0 0.546875 0.5890625 0.065625 0.09375
0 0.5796875 0.47578125 0.090625 0.0796875
0 0.615625 0.9328125 0.171875 0.0375
0 0.7515625 0.90390625 0.059375 0.1375