1 0.875 0.77890625 0.1328125 0.128125
1 0.8203125 0.60625 0.128125 0.153125
1 0.7609375 0.45390625 0.125 0.096875
1 0.63828125 0.2953125 0.0875 0.0953125
1 0.54453125 0.43203125 0.075 0.090625
1 0.534375 0.603125 0.065625 0.096875
1 0.45546875 0.68828125 0.059375 0.140625
1 0.440625 0.471875 0.0796875 0.0765625
1 0.471875 0.33046875 0.078125 0.09375
1 0.4078125 0.184375 0.0890625 0.1
1 0.2890625 0.06171875 0.134375 0.11875
1 0.08984375 0.12109375 0.115625 0.1875
1 0.27890625 0.315625 0.16875 0.11875
1 0.19296875 0.4703125 0.159375 0.071875
1 0.11796875 0.65703125 0.20625 0.18125
1 0.08046875 0.8640625 0.15625 0.125