0 0.17109375 0.43359375 0.1 0.0703125
0 0.20859375 0.69765625 0.290625 0.1390625
0 0.3796875 0.221875 0.15 0.084375
0 0.33203125 0.3375 0.190625 0.10625
0 0.36484375 0.5453125 0.26875 0.078125
0 0.5359375 0.6484375 0.1796875 0.190625
0 0.38984375 0.85 0.3875 0.175
0 0.68515625 0.790625 0.16875 0.26875
0 0.815625 0.8640625 0.128125 0.271875
0 0.53828125 0.28515625 0.0953125 0.1765625
0 0.69140625 0.2328125 0.1125 0.234375
0 0.459375 0.13671875 0.3109375 0.01875
0 0.47578125 0.06953125 0.253125 0.071875
0 0.10859375 0.184375 0.109375 0.2140625
0 0.46640625 0.46015625 0.34375 0.090625
0 0.921875 0.18671875 0.1375 0.20625
0 0.8265625 0.54140625 0.275 0.059375
0 0.8890625 0.70078125 0.221875 0.175