0 0.42734375 0.50234375 0.628125 0.290625
0 0.85703125 0.63125 0.1453125 0.0875
0 0.809375 0.790625 0.178125 0.165625
0 0.540625 0.88359375 0.121875 0.09375
0 0.509375 0.67265625 0.13125 0.090625
0 0.35546875 0.7546875 0.0875 0.090625
0 0.15859375 0.74921875 0.1359375 0.0828125
0 0.1546875 0.8828125 0.140625 0.10625
0 0.6171875 0.3296875 0.13125 0.08125
0 0.81875 0.2890625 0.115625 0.109375
0 0.9015625 0.17109375 0.046875 0.0390625
0 0.940625 0.2703125 0.0625 0.06875
0 0.91953125 0.37265625 0.06875 0.040625
0 0.78671875 0.4546875 0.05625 0.059375
0 0.903125 0.5125 0.071875 0.025
0 0.353125 0.22109375 0.171875 0.065625
0 0.26484375 0.51640625 0.1046875 0.08125
0 0.39140625 0.59453125 0.075 0.05
0 0.534375 0.41875 0.1375 0.09375