0 0.56640625 0.17109375 0.0703125 0.09921875
0 0.30234375 0.20859375 0.13828125 0.290625
0 0.778125 0.3796875 0.08359375 0.15078125
0 0.6625 0.33203125 0.10546875 0.190625
0 0.4546875 0.36484375 0.078125 0.26953125
0 0.3515625 0.5359375 0.19140625 0.1796875
0 0.15 0.38984375 0.175 0.38828125
0 0.209375 0.68515625 0.26796875 0.16953125
0 0.1359375 0.815625 0.27109375 0.128125
0 0.71484375 0.53828125 0.1765625 0.0953125
0 0.7671875 0.69140625 0.23359375 0.11328125
0 0.86328125 0.459375 0.01796875 0.3109375
0 0.93046875 0.47578125 0.07265625 0.253125
0 0.815625 0.10859375 0.2140625 0.10859375
0 0.53984375 0.46640625 0.08984375 0.34296875
0 0.81328125 0.921875 0.20546875 0.1375
0 0.45859375 0.8265625 0.059375 0.275
0 0.29921875 0.8890625 0.17421875 0.221875