1 0.77890625 0.125 0.128125 0.1328125
1 0.60625 0.1796875 0.153125 0.12734375
1 0.45390625 0.2390625 0.09765625 0.12578125
1 0.2953125 0.36171875 0.0953125 0.0875
1 0.43203125 0.45546875 0.09140625 0.07421875
1 0.603125 0.465625 0.096875 0.06484375
1 0.68828125 0.54453125 0.14140625 0.05859375
1 0.471875 0.559375 0.0765625 0.0796875
1 0.33046875 0.528125 0.09296875 0.078125
1 0.184375 0.5921875 0.09921875 0.0890625
1 0.06171875 0.7109375 0.11953125 0.13515625
1 0.12109375 0.91015625 0.18828125 0.115625
1 0.315625 0.72109375 0.11953125 0.16953125
1 0.4703125 0.80703125 0.071875 0.15859375
1 0.65703125 0.88203125 0.18046875 0.20625
1 0.8640625 0.91953125 0.125 0.15625