0 0.82890625 0.56640625 0.1 0.0703125
0 0.79140625 0.30234375 0.290625 0.1375
0 0.6203125 0.778125 0.15 0.084375
0 0.66796875 0.6625 0.190625 0.10625
0 0.63515625 0.4546875 0.26875 0.078125
0 0.4640625 0.3515625 0.1796875 0.190625
0 0.61015625 0.15 0.3875 0.175
0 0.31484375 0.209375 0.16875 0.26875
0 0.184375 0.1359375 0.128125 0.271875
0 0.46171875 0.71484375 0.0953125 0.1765625
0 0.30859375 0.7671875 0.1125 0.234375
0 0.540625 0.86328125 0.3109375 0.01875
0 0.52421875 0.93046875 0.253125 0.0734375
0 0.89140625 0.815625 0.109375 0.2140625
0 0.53359375 0.53984375 0.34375 0.090625
0 0.078125 0.81328125 0.1375 0.20625
0 0.1734375 0.45859375 0.275 0.059375
0 0.1109375 0.29921875 0.221875 0.175