0 0.46640625 0.403125 0.0609375 0.17109375
0 0.4046875 0.121875 0.11171875 0.10390625
0 0.2296875 0.1984375 0.11328125 0.17109375
0 0.34296875 0.47109375 0.14453125 0.11171875
0 0.44375 0.5546875 0.1296875 0.18671875
0 0.7578125 0.35 0.11484375 0.28515625
0 0.8875 0.39453125 0.09375 0.30078125
0 0.59453125 0.30625 0.090625 0.2390625
0 0.05 0.68203125 0.07265625 0.153125
0 0.1546875 0.51796875 0.0734375 0.15234375
0 0.02890625 0.24140625 0.0578125 0.25625
0 0.3578125 0.83203125 0.06953125 0.0640625
0 0.2171875 0.87421875 0.05390625 0.04375
0 0.58984375 0.88828125 0.171875 0.10859375
0 0.75390625 0.69609375 0.09296875 0.11171875
0 0.9359375 0.734375 0.09765625 0.1421875
0 0.7984375 0.04765625 0.1875 0.09453125
0 0.59765625 0.53203125 0.0640625 0.0796875
0 0.68828125 0.46015625 0.05625 0.1296875
0 0.9640625 0.28359375 0.07109375 0.2515625