0 0.49765625 0.57265625 0.290625 0.628125
0 0.36875 0.14296875 0.0875 0.1453125
0 0.209375 0.190625 0.165625 0.178125
0 0.11640625 0.459375 0.09375 0.121875
0 0.32734375 0.490625 0.090625 0.13125
0 0.2453125 0.64453125 0.090625 0.0875
0 0.25078125 0.84140625 0.08125 0.1359375
0 0.1171875 0.8453125 0.10625 0.140625
0 0.6703125 0.3828125 0.08125 0.13125
0 0.7109375 0.18125 0.109375 0.115625
0 0.82890625 0.0984375 0.0390625 0.046875
0 0.7296875 0.059375 0.06875 0.0625
0 0.62734375 0.08046875 0.040625 0.06875
0 0.5453125 0.21328125 0.059375 0.05625
0 0.4875 0.096875 0.025 0.071875
0 0.77890625 0.646875 0.065625 0.171875
0 0.48359375 0.73515625 0.08125 0.1046875
0 0.40546875 0.60859375 0.05 0.075
0 0.58125 0.465625 0.09375 0.1375