1 0.875 0.22109375 0.1328125 0.128125
1 0.8203125 0.39375 0.128125 0.153125
1 0.7609375 0.54609375 0.125 0.096875
1 0.63828125 0.7046875 0.0875 0.0953125
1 0.54453125 0.56796875 0.075 0.090625
1 0.534375 0.396875 0.065625 0.096875
1 0.45546875 0.31171875 0.059375 0.140625
1 0.440625 0.528125 0.0796875 0.0765625
1 0.471875 0.66953125 0.078125 0.09375
1 0.4078125 0.815625 0.0890625 0.1
1 0.2890625 0.93828125 0.134375 0.1203125
1 0.08984375 0.87890625 0.115625 0.1890625
1 0.27890625 0.684375 0.16875 0.11875
1 0.19296875 0.5296875 0.159375 0.071875
1 0.11796875 0.34296875 0.20625 0.18125
1 0.08046875 0.1359375 0.15625 0.125