0 0.403125 0.46640625 0.171875 0.0609375
0 0.121875 0.4046875 0.103125 0.1125
0 0.1984375 0.2296875 0.171875 0.1125
0 0.47109375 0.34296875 0.1125 0.14375
0 0.5546875 0.44375 0.1875 0.1296875
0 0.35 0.7578125 0.284375 0.115625
0 0.39453125 0.8875 0.3 0.09375
0 0.30625 0.59453125 0.2390625 0.090625
0 0.68203125 0.05 0.153125 0.071875
0 0.51796875 0.1546875 0.153125 0.0734375
0 0.24140625 0.02890625 0.25625 0.0578125
0 0.83203125 0.3578125 0.0640625 0.06875
0 0.87421875 0.2171875 0.04375 0.053125
0 0.88828125 0.58984375 0.109375 0.171875
0 0.69609375 0.75390625 0.1125 0.09375
0 0.734375 0.9359375 0.1421875 0.0984375
0 0.04765625 0.7984375 0.09375 0.1875
0 0.53203125 0.59765625 0.0796875 0.0640625
0 0.46015625 0.68828125 0.1296875 0.05625
0 0.28359375 0.9640625 0.2515625 0.071875