0 0.24921875 0.209375 0.09609375 0.06484375
0 0.44609375 0.115625 0.08671875 0.078125
0 0.06484375 0.12109375 0.09453125 0.1109375
0 0.3796875 0.49296875 0.10703125 0.07265625
0 0.08828125 0.66796875 0.08828125 0.071875
0 0.07578125 0.3046875 0.0671875 0.10625
0 0.609375 0.5515625 0.06953125 0.103125
0 0.68515625 0.47421875 0.06796875 0.1125
0 0.7859375 0.4515625 0.0625 0.05703125
0 0.79375 0.24140625 0.046875 0.04453125
0 0.63203125 0.296875 0.0625 0.05859375
0 0.42265625 0.36875 0.05703125 0.14765625
0 0.48984375 0.41015625 0.0703125 0.1453125
0 0.4546875 0.58203125 0.11796875 0.06484375
0 0.38203125 0.81171875 0.05390625 0.0703125
0 0.2515625 0.85625 0.04296875 0.05234375
0 0.62265625 0.89375 0.0859375 0.14765625
0 0.64375 0.89140625 0.04921875 0.06171875
0 0.78828125 0.93984375 0.04921875 0.10859375
0 0.9203125 0.734375 0.09296875 0.06875
0 0.7609375 0.6921875 0.07265625 0.09453125
0 0.8859375 0.4828125 0.059375 0.0703125
0 0.96171875 0.25078125 0.0765625 0.1078125
0 0.96640625 0.36953125 0.06640625 0.06484375
0 0.2625 0.475 0.0375 0.09609375
0 0.115625 0.5359375 0.07265625 0.071875
0 0.28828125 0.5859375 0.04921875 0.04375