0 0.790625 0.24921875 0.065625 0.096875
0 0.884375 0.44609375 0.078125 0.0875
0 0.87890625 0.06484375 0.1109375 0.09375
0 0.50703125 0.3796875 0.071875 0.10625
0 0.33203125 0.08828125 0.071875 0.0875
0 0.6953125 0.07578125 0.10625 0.0671875
0 0.4484375 0.609375 0.103125 0.06875
0 0.52578125 0.68515625 0.1125 0.06875
0 0.5484375 0.7859375 0.05625 0.0625
0 0.75859375 0.79375 0.04375 0.046875
0 0.703125 0.63203125 0.059375 0.0625
0 0.63125 0.42265625 0.146875 0.05625
0 0.58984375 0.48984375 0.1453125 0.0703125
0 0.41796875 0.4546875 0.065625 0.11875
0 0.18828125 0.38203125 0.0703125 0.053125
0 0.14375 0.2515625 0.053125 0.04375
0 0.10625 0.62265625 0.146875 0.0859375
0 0.10859375 0.64375 0.0625 0.05
0 0.06015625 0.78828125 0.109375 0.05
0 0.265625 0.9203125 0.06875 0.09375
0 0.3078125 0.7609375 0.09375 0.071875
0 0.5171875 0.8859375 0.0703125 0.059375
0 0.74921875 0.96171875 0.1078125 0.0765625
0 0.63046875 0.96640625 0.065625 0.065625
0 0.525 0.2625 0.096875 0.0375
0 0.4640625 0.115625 0.071875 0.071875
0 0.4140625 0.28828125 0.04375 0.05