0 0.615625 0.2125 0.30078125 0.26328125
0 0.45859375 0.7453125 0.325 0.15078125
0 0.3796875 0.665625 0.06796875 0.0671875
0 0.44453125 0.57890625 0.13359375 0.04921875
0 0.43046875 0.5234375 0.07734375 0.06328125
0 0.253125 0.55234375 0.05 0.1125
0 0.97109375 0.3 0.0578125 0.0640625
0 0.84765625 0.4921875 0.0828125 0.06484375
0 0.63984375 0.86484375 0.47109375 0.26953125
0 0.12890625 0.8015625 0.1625 0.21796875
0 0.3328125 0.48125 0.06328125 0.07265625
0 0.2453125 0.88359375 0.29140625 0.14609375
0 0.071875 0.68125 0.14296875 0.1015625
0 0.8796875 0.62265625 0.221875 0.07890625