0 0.384375 0.2125 0.3 0.2625
0 0.54140625 0.7453125 0.325 0.15
0 0.6203125 0.665625 0.06875 0.0671875
0 0.55546875 0.57890625 0.134375 0.05
0 0.56953125 0.5234375 0.078125 0.0625
0 0.746875 0.55234375 0.05 0.1125
0 0.02890625 0.3 0.0578125 0.0640625
0 0.15234375 0.4921875 0.0828125 0.065625
0 0.36015625 0.86484375 0.471875 0.26875
0 0.87109375 0.8015625 0.1625 0.21875
0 0.6671875 0.48125 0.0625 0.071875
0 0.7546875 0.88359375 0.290625 0.146875
0 0.928125 0.68125 0.14375 0.1015625
0 0.1203125 0.62265625 0.221875 0.078125