0 0.7875 0.384375 0.2625 0.3
0 0.2546875 0.54140625 0.15 0.325
0 0.334375 0.6203125 0.0671875 0.06875
0 0.42109375 0.55546875 0.05 0.134375
0 0.4765625 0.56953125 0.0625 0.078125
0 0.44765625 0.746875 0.1125 0.05
0 0.7 0.02890625 0.0640625 0.0578125
0 0.5078125 0.15234375 0.065625 0.0828125
0 0.13515625 0.36015625 0.26875 0.471875
0 0.1984375 0.87109375 0.21875 0.1625
0 0.51875 0.6671875 0.071875 0.0625
0 0.11640625 0.7546875 0.146875 0.290625
0 0.31875 0.928125 0.1015625 0.14375
0 0.37734375 0.1203125 0.078125 0.221875