0 0.60390625 0.5484375 0.225 0.1984375
0 0.68046875 0.78359375 0.1484375 0.1921875
0 0.61171875 0.90703125 0.165625 0.1859375
0 0.60859375 0.1265625 0.18125 0.253125
0 0.88515625 0.10625 0.228125 0.2125
0 0.93984375 0.31875 0.11875 0.225
0 0.9265625 0.6640625 0.146875 0.415625
0 0.7921875 0.4671875 0.190625 0.140625
0 0.89609375 0.9046875 0.2078125 0.190625
0 0.7953125 0.709375 0.059375 0.1125
0 0.5515625 0.31875 0.0671875 0.04375
0 0.70703125 0.321875 0.190625 0.15625
0 0.3796875 0.3078125 0.078125 0.075
0 0.421875 0.434375 0.065625 0.071875
0 0.35546875 0.55546875 0.046875 0.0453125
0 0.4109375 0.66875 0.09375 0.134375
0 0.4328125 0.86796875 0.090625 0.05
0 0.45625 0.775 0.0875 0.0671875
0 0.3265625 0.9734375 0.0734375 0.053125