0 0.60390625 0.4515625 0.225 0.1984375
0 0.68046875 0.21640625 0.1484375 0.190625
0 0.61171875 0.09296875 0.165625 0.1859375
0 0.60859375 0.8734375 0.18125 0.253125
0 0.88515625 0.89375 0.228125 0.2125
0 0.93984375 0.68125 0.11875 0.2265625
0 0.9265625 0.3359375 0.146875 0.415625
0 0.7921875 0.5328125 0.190625 0.1421875
0 0.89609375 0.0953125 0.2078125 0.190625
0 0.7953125 0.290625 0.059375 0.1125
0 0.5515625 0.68125 0.0671875 0.04375
0 0.70703125 0.678125 0.190625 0.15625
0 0.3796875 0.6921875 0.078125 0.075
0 0.421875 0.565625 0.065625 0.071875
0 0.35546875 0.44453125 0.046875 0.0453125
0 0.4109375 0.33125 0.09375 0.134375
0 0.4328125 0.13203125 0.090625 0.05
0 0.45625 0.225 0.0875 0.0671875
0 0.3265625 0.0265625 0.0734375 0.053125