0 0.4515625 0.39609375 0.1984375 0.225
0 0.21640625 0.31953125 0.19140625 0.1484375
0 0.09296875 0.38828125 0.1859375 0.165625
0 0.8734375 0.39140625 0.25234375 0.18203125
0 0.89375 0.11484375 0.2125 0.22890625
0 0.68125 0.06015625 0.22578125 0.11953125
0 0.3359375 0.0734375 0.415625 0.146875
0 0.5328125 0.2078125 0.14140625 0.190625
0 0.0953125 0.10390625 0.190625 0.2078125
0 0.290625 0.2046875 0.11328125 0.06015625
0 0.68125 0.4484375 0.04453125 0.0671875
0 0.678125 0.29296875 0.15625 0.19140625
0 0.6921875 0.6203125 0.075 0.078125
0 0.565625 0.578125 0.07265625 0.06484375
0 0.44453125 0.64453125 0.0453125 0.04609375
0 0.33125 0.5890625 0.134375 0.09375
0 0.13203125 0.5671875 0.05078125 0.090625
0 0.225 0.54375 0.0671875 0.08828125
0 0.0265625 0.6734375 0.053125 0.0734375