0 0.2578125 0.47734375 0.0765625 0.06875
0 0.22109375 0.6171875 0.10625 0.103125
0 0.1296875 0.7609375 0.06875 0.090625
0 0.146875 0.53515625 0.0578125 0.0625
0 0.04453125 0.6625 0.0703125 0.1078125
0 0.05390625 0.36796875 0.1078125 0.1359375
0 0.24609375 0.4265625 0.0515625 0.05
0 0.51015625 0.35390625 0.18125 0.075
0 0.27265625 0.36875 0.1375 0.075
0 0.38359375 0.3078125 0.1515625 0.090625
0 0.4015625 0.209375 0.125 0.06875
0 0.57421875 0.171875 0.1625 0.15625
0 0.60390625 0.27421875 0.121875 0.0796875
0 0.78828125 0.1234375 0.203125 0.121875
0 0.81640625 0.275 0.14375 0.11875