0 0.7421875 0.52265625 0.0765625 0.06875
0 0.77890625 0.3828125 0.10625 0.103125
0 0.8703125 0.2390625 0.06875 0.090625
0 0.853125 0.46484375 0.0578125 0.0625
0 0.95546875 0.3375 0.0703125 0.1078125
0 0.94609375 0.63203125 0.1078125 0.1359375
0 0.75390625 0.5734375 0.0515625 0.05
0 0.48984375 0.64609375 0.18125 0.075
0 0.72734375 0.63125 0.1375 0.075
0 0.61640625 0.6921875 0.1515625 0.090625
0 0.5984375 0.790625 0.125 0.06875
0 0.42578125 0.828125 0.1625 0.15625
0 0.39609375 0.72578125 0.121875 0.0796875
0 0.21171875 0.8765625 0.203125 0.121875
0 0.18359375 0.725 0.14375 0.11875