0 0.52265625 0.7421875 0.06796875 0.0765625
0 0.3828125 0.77890625 0.10234375 0.10625
0 0.2390625 0.8703125 0.08984375 0.06953125
0 0.46484375 0.853125 0.0625 0.0578125
0 0.3375 0.95546875 0.1078125 0.0703125
0 0.63203125 0.94609375 0.1359375 0.1078125
0 0.5734375 0.75390625 0.05078125 0.0515625
0 0.64609375 0.48984375 0.075 0.18046875
0 0.63125 0.72734375 0.075 0.1375
0 0.6921875 0.61640625 0.08984375 0.1515625
0 0.790625 0.5984375 0.06796875 0.12421875
0 0.828125 0.42578125 0.15703125 0.1625
0 0.72578125 0.39609375 0.0796875 0.121875
0 0.8765625 0.21171875 0.12265625 0.20234375
0 0.725 0.18359375 0.11875 0.14296875